0.000000000000000000e+00 1.657146336169915829e-02
4.003202562049639618e-02 1.761612692801582669e-02
8.006405124099279236e-02 1.491153793869173447e-02
1.200960768614891816e-01 8.787807821105091816e-03
1.601281024819855847e-01 1.984720039114187893e-04
2.001601281024819878e-01 -9.447501235477025541e-03
2.401921537229783632e-01 -1.853703971971906381e-02
2.802241793434747663e-01 -2.553849491721742540e-02
3.202562049639711694e-01 -2.926651305771968414e-02
3.602882305844675725e-01 -2.907695840708171553e-02
4.003202562049639757e-01 -2.495799120297119422e-02
4.403522818254603788e-01 -1.750510897118627215e-02
4.803843074459567264e-01 -7.791209138254795961e-03
5.204163330664531850e-01 2.837418749113124368e-03
5.604483586869495326e-01 1.299583349074737160e-02
6.004803843074459913e-01 2.147981418044313598e-02
6.405124099279423389e-01 2.743069874098970004e-02
6.805444355484386865e-01 3.042106244999646242e-02
7.205764611689351451e-01 3.045508170259635800e-02
7.606084867894314927e-01 2.789549562913931982e-02
8.006405124099279513e-01 2.334275637360049352e-02
8.406725380304242989e-01 1.749851935230722216e-02
8.807045636509207576e-01 1.104417000764029884e-02
9.207365892714171052e-01 4.556666757756309104e-03
9.607686148919134528e-01 -1.528744600246590563e-03
1.000800640512409911e+00 -6.912889136009799963e-03
1.040832666132906370e+00 -1.139881179367941040e-02
1.080864691753402607e+00 -1.484988824597703420e-02
1.120896717373899065e+00 -1.715912969240271368e-02
1.160928742994395524e+00 -1.824225669337288178e-02
1.200960768614891983e+00 -1.805693320829144036e-02
1.240992794235388219e+00 -1.663993766332261606e-02
1.281024819855884678e+00 -1.414616782849119347e-02
1.321056845476381136e+00 -1.087061493062290926e-02
1.361088871096877373e+00 -7.237760347512189364e-03
1.401120896717373832e+00 -3.751508722355592629e-03
1.441152922337870290e+00 -9.105094691263233928e-04
1.481184947958366749e+00 8.946859010196774780e-04
1.521216973578862985e+00 1.478070455454534061e-03
1.561248999199359444e+00 9.216130188768932672e-04
1.601281024819855903e+00 -4.158662586855668155e-04
1.641313050440352139e+00 -1.954453997820891110e-03
1.681345076060848598e+00 -3.008260811187239789e-03
1.721377101681345057e+00 -2.939054205790301005e-03
1.761409127301841515e+00 -1.315756634076152435e-03
1.801441152922337752e+00 1.957598386828884526e-03
1.841473178542834210e+00 6.578830713743051561e-03
1.881505204163330669e+00 1.187040049155873613e-02
1.921537229783826906e+00 1.689043080119855683e-02
1.961569255404323364e+00 2.061392865594665474e-02
2.001601281024819823e+00 2.214851676051437027e-02
2.041633306645316281e+00 2.093849999838670248e-02
2.081665332265812740e+00 1.691065900289218452e-02
2.121697357886309199e+00 1.052545829488841199e-02
2.161729383506805213e+00 2.716562789991170627e-03
2.201761409127301672e+00 -5.274308841503662013e-03
2.241793434747798131e+00 -1.213641124344588471e-02
2.281825460368294589e+00 -1.675417440799980423e-02
2.321857485988791048e+00 -1.844011791383444107e-02
2.361889511609287506e+00 -1.708459693368909876e-02
2.401921537229783965e+00 -1.318685951816470775e-02
2.441953562850279980e+00 -7.756771415228200760e-03
2.481985588470776438e+00 -2.104658374775832900e-03
2.522017614091272897e+00 2.438166005252670986e-03
2.562049639711769355e+00 4.809179800182412749e-03
2.602081665332265814e+00 4.451881568993364992e-03
2.642113690952762273e+00 1.447533246554305597e-03
2.682145716573258731e+00 -3.489690227822476315e-03
2.722177742193754746e+00 -9.156089199067013809e-03
2.762209767814251204e+00 -1.411211300976381901e-02
2.802241793434747663e+00 -1.699348618756185703e-02
2.842273819055244122e+00 -1.681351017294455477e-02
2.882305844675740580e+00 -1.319109342044891102e-02
2.922337870296237039e+00 -6.454186621142014336e-03
2.962369895916733498e+00 2.405423847472381183e-03
3.002401921537229512e+00 1.191822388086451363e-02
3.042433947157725971e+00 2.042585554440737305e-02
3.082465972778222429e+00 2.641232921837341138e-02
3.122497998398718888e+00 2.880778570809541805e-02
3.162530024019215347e+00 2.720078436644154246e-02
3.202562049639711805e+00 2.191471284009482295e-02
3.242594075260208264e+00 1.393312460992126092e-02
3.282626100880704278e+00 4.691222799959252586e-03
3.322658126501200737e+00 -4.220768994947548571e-03
3.362690152121697196e+00 -1.137819968806220820e-02
3.402722177742193654e+00 -1.579808210767989080e-02
3.442754203362690113e+00 -1.711284982671461979e-02
3.482786228983186572e+00 -1.560708162817551516e-02
3.522818254603683030e+00 -1.211294162304023259e-02
3.562850280224179045e+00 -7.791065893198426476e-03
3.602882305844675503e+00 -3.848304214937890277e-03
3.642914331465171962e+00 -1.256707437767639766e-03
3.682946357085668421e+00 -5.366870356607002972e-04
3.722978382706164879e+00 -1.651845167558660833e-03
3.763010408326661338e+00 -4.037162895147806962e-03
3.803042433947157797e+00 -6.751898940019559689e-03
3.843074459567653811e+00 -8.720500814431760700e-03
3.883106485188150270e+00 -9.005298619806629754e-03
3.923138510808646728e+00 -7.048013888132186391e-03
3.963170536429143187e+00 -2.824552075998090772e-03
4.003202562049639646e+00 3.122635035227908171e-03
4.043234587670135660e+00 9.782665592347734515e-03
4.083266613290632563e+00 1.588359378853332338e-02
4.123298638911128577e+00 2.016343643101276353e-02
4.163330664531625480e+00 2.164519160678219506e-02
4.203362690152121495e+00 1.985540461368023174e-02
4.243394715772618397e+00 1.493839610695706956e-02
4.283426741393114412e+00 7.641241854327145491e-03
4.323458767013610426e+00 -8.272047855877900273e-04
4.363490792634107329e+00 -9.032796402597022614e-03
4.403522818254603344e+00 -1.559745456009925188e-02
4.443554843875100246e+00 -1.946590107537916892e-02
4.483586869495596261e+00 -2.010239479725041065e-02
4.523618895116093164e+00 -1.757813338005305773e-02
4.563650920736589178e+00 -1.253412724837131564e-02
4.603682946357085193e+00 -6.031171709708451831e-03
4.643714971977582096e+00 6.778828240810591283e-04
4.683746997598078110e+00 6.403089789286613327e-03
4.723779023218575013e+00 1.024524740613285204e-02
4.763811048839071027e+00 1.175029772402870834e-02
4.803843074459567930e+00 1.096173949049181889e-02
4.843875100080063945e+00 8.365811047388854033e-03
4.883907125700559959e+00 4.747692834790292853e-03
4.923939151321056862e+00 9.954642174431458952e-04
4.963971176941552876e+00 -2.101889561610267854e-03
5.004003202562049779e+00 -4.017279598703088310e-03
5.044035228182545794e+00 -4.575186131572431952e-03
5.084067253803042696e+00 -3.952607985247002381e-03
5.124099279423538711e+00 -2.596765882701274498e-03
5.164131305044034725e+00 -1.083951508672479453e-03
5.204163330664531628e+00 4.355740093917419829e-05
5.244195356285027643e+00 4.220902371195291635e-04
5.284227381905524545e+00 -4.173087305248032166e-05
5.324259407526020560e+00 -1.152803465780017191e-03
5.364291433146517463e+00 -2.485243894893919645e-03
5.404323458767013477e+00 -3.500126205108252102e-03
5.444355484387509492e+00 -3.693369838754185629e-03
5.484387510008006394e+00 -2.737178790039759575e-03
5.524419535628502409e+00 -5.804394567384090061e-04
5.564451561248999312e+00 2.516464821637143245e-03
5.604483586869495326e+00 6.021365313114138661e-03
5.644515612489992229e+00 9.236050966911442395e-03
5.684547638110488244e+00 1.144431573077930864e-02
5.724579663730984258e+00 1.206899695072224943e-02
5.764611689351481161e+00 1.080282385247455408e-02
5.804643714971977175e+00 7.684008965661926274e-03
5.844675740592474078e+00 3.100054992946966927e-03
5.884707766212970093e+00 -2.280757146783333762e-03
5.924739791833466995e+00 -7.634960340254424993e-03
5.964771817453963010e+00 -1.213930334741873500e-02
6.004803843074459024e+00 -1.512297904435593206e-02
6.044835868694955927e+00 -1.618537405040535934e-02
6.084867894315451942e+00 -1.525648706325556311e-02
6.124899919935948844e+00 -1.259026999791321849e-02
6.164931945556444859e+00 -8.695822168930347762e-03
6.204963971176941762e+00 -4.224294683788825874e-03
6.244995996797437776e+00 1.622510879958254993e-04
6.285028022417933791e+00 3.911591319536577606e-03
6.325060048038430693e+00 6.667430431365246705e-03
6.365092073658926708e+00 8.305851257517657751e-03
6.405124099279423611e+00 8.919158746015048295e-03
6.445156124899919625e+00 8.756032994129667874e-03
6.485188150520416528e+00 8.135956216709080979e-03
6.525220176140912542e+00 7.360187844099739564e-03
6.565252201761408557e+00 6.640422511990017214e-03
6.605284227381905460e+00 6.060273726365152623e-03
6.645316253002401474e+00 5.575584015542536624e-03
6.685348278622898377e+00 5.049627331383885719e-03
6.725380304243394392e+00 4.310965150251618375e-03
6.765412329863891294e+00 3.216955344617162572e-03
6.805444355484387309e+00 1.705656371836338902e-03
6.845476381104883323e+00 -1.770563372517468270e-04
6.885508406725380226e+00 -2.281164987013617994e-03
6.925540432345876241e+00 -4.384629904245334990e-03
6.965572457966373143e+00 -6.244244224043431733e-03
7.005604483586869158e+00 -7.650954770024920304e-03
7.045636509207366061e+00 -8.474701470677619558e-03
7.085668534827862075e+00 -8.687086778512289470e-03
7.125700560448358090e+00 -8.356451717188280101e-03
7.165732586068854992e+00 -7.617531834638669244e-03
7.205764611689351007e+00 -6.624808207565843245e-03
7.245796637309847910e+00 -5.503156930569306875e-03
7.285828662930343924e+00 -4.310269919731237603e-03
7.325860688550840827e+00 -3.022323874405249099e-03
7.365892714171336841e+00 -1.548242834594379955e-03
7.405924739791832856e+00 2.298420667881895480e-04
7.445956765412329759e+00 2.399738667765218339e-03
7.485988791032825773e+00 4.960929261941510356e-03
7.526020816653322676e+00 7.781459636987022276e-03
7.566052842273818690e+00 1.058400675503613254e-02
7.606084867894315593e+00 1.296896045882122393e-02
7.646116893514811608e+00 1.447387066410289226e-02
7.686148919135307622e+00 1.465976641849675924e-02
7.726180944755804525e+00 1.320770958423783843e-02
7.766212970376300539e+00 1.000521766239874030e-02
7.806244995996797442e+00 5.202844437794881816e-03
7.846277021617293457e+00 -7.737629178102911967e-04
7.886309047237790359e+00 -7.262590525041950212e-03
7.926341072858286374e+00 -1.345096189547789409e-02
7.966373098478783277e+00 -1.849482094649100919e-02
8.006405124099279291e+00 -2.165110486197275100e-02
8.046437149719775306e+00 -2.239962170228361818e-02
8.086469175340271320e+00 -2.053238772326274053e-02
8.126501200960769111e+00 -1.619422043745888037e-02
8.166533226581265126e+00 -9.867304067185011379e-03
8.206565252201761140e+00 -2.302616278164624965e-03
8.246597277822257155e+00 5.589502983093430979e-03
8.286629303442753169e+00 1.287055153611490858e-02
8.326661329063250960e+00 1.870472868603964903e-02
8.366693354683746975e+00 2.246852280599459864e-02
8.406725380304242989e+00 2.382296314306238394e-02
8.446757405924739004e+00 2.273989479103692007e-02
8.486789431545236795e+00 1.948199647896679126e-02
8.526821457165732809e+00 1.454390796201690539e-02
8.566853482786228824e+00 8.567400054023757011e-03
8.606885508406724838e+00 2.246185887820602561e-03
8.646917534027220853e+00 -3.764416213088843475e-03
8.686949559647718644e+00 -8.920722692590555072e-03
8.726981585268214658e+00 -1.283918791200947679e-02
8.767013610888710673e+00 -1.531764041638404572e-02
8.807045636509206687e+00 -1.633127071495196758e-02
8.847077662129702702e+00 -1.600861141465245371e-02
8.887109687750200493e+00 -1.459431187128086213e-02
8.927141713370696507e+00 -1.240551551692993526e-02
8.967173738991192522e+00 -9.787546104609528771e-03
9.007205764611688537e+00 -7.073014541781821526e-03
9.047237790232186327e+00 -4.546957427889915249e-03
9.087269815852682342e+00 -2.419604960363026195e-03
9.127301841473178357e+00 -8.079578305853199124e-04
9.167333867093674371e+00 2.726437661524372673e-04
9.207365892714170386e+00 9.057167634932278277e-04
9.247397918334668176e+00 1.258651115041277456e-03
9.287429943955164191e+00 1.555545105984784942e-03
9.327461969575660206e+00 2.039514274659163118e-03
9.367493995196156220e+00 2.928256265624311350e-03
9.407526020816652235e+00 4.368771074260366545e-03
9.447558046437150026e+00 6.398625584926543632e-03
9.487590072057646040e+00 8.921435649454308170e-03
9.527622097678142055e+00 1.170295603765070594e-02
9.567654123298638069e+00 1.439130380075031787e-02
9.607686148919135860e+00 1.656077677225782988e-02
9.647718174539631875e+00 1.777419546314265922e-02
9.687750200160127889e+00 1.765462471880562684e-02
9.727782225780623904e+00 1.595464745216485306e-02
9.767814251401119918e+00 1.261076749914632339e-02
9.807846277021617709e+00 7.772307827876413257e-03
9.847878302642113724e+00 1.798140551915997434e-03
9.887910328262609738e+00 -4.779947540517734406e-03
9.927942353883105753e+00 -1.132252000514443434e-02
9.967974379503601767e+00 -1.716642821728388627e-02
1.000800640512409956e+01 -2.171399746506054093e-02
1.004803843074459557e+01 -2.451303563077893502e-02
1.008807045636509159e+01 -2.531490193205900019e-02
1.012810248198558760e+01 -2.410185677811101448e-02
1.016813450760608539e+01 -2.108040116228150976e-02
1.020816653322658141e+01 -1.664319916227999935e-02
1.024819855884707742e+01 -1.130730722792796725e-02
1.028823058446757344e+01 -5.639857779754296578e-03
1.032826261008806945e+01 -1.835095115404226994e-04
1.036829463570856724e+01 4.607170378813788339e-03
1.040832666132906326e+01 8.410255056383521277e-03
1.044835868694955927e+01 1.105792066458939280e-02
1.048839071257005529e+01 1.253506965853863966e-02
1.052842273819055308e+01 1.295889469422318620e-02
1.056845476381104909e+01 1.254535610205475063e-02
1.060848678943154511e+01 1.156917937370709540e-02
1.064851881505204112e+01 1.032323690216143362e-02
1.068855084067253713e+01 9.081561085814954248e-03
1.072858286629303493e+01 8.068395416780437326e-03
1.076861489191353094e+01 7.434231628967722001e-03
1.080864691753402695e+01 7.239088232362841935e-03
1.084867894315452297e+01 7.443415552745604596e-03
1.088871096877501898e+01 7.907687252179674761e-03
1.092874299439551677e+01 8.402440556867918700e-03
1.096877502001601279e+01 8.630669578532115110e-03
1.100880704563650880e+01 8.263601241266122291e-03
1.104883907125700482e+01 6.988839171207788560e-03
1.108887109687750261e+01 4.566896332590703218e-03
1.112890312249799862e+01 8.888878191090348203e-04
1.116893514811849464e+01 -3.974486658577945815e-03
1.120896717373899065e+01 -9.743646336774403408e-03
1.124899919935948667e+01 -1.593035575459389799e-02
1.128903122497998446e+01 -2.187367169611332055e-02
1.132906325060048047e+01 -2.681200577952442057e-02
1.136909527622097649e+01 -2.998466266051544662e-02
1.140912730184147250e+01 -3.074932600749116784e-02
1.144915932746196852e+01 -2.869677641434953061e-02
1.148919135308246631e+01 -2.374201486234749775e-02
1.152922337870296232e+01 -1.617279250851372946e-02
1.156925540432345834e+01 -6.642400857044724813e-03
1.160928742994395435e+01 3.897326820371619163e-03
1.164931945556445214e+01 1.431607313555380984e-02
1.168935148118494816e+01 2.346102680072064892e-02
1.172938350680544417e+01 3.032381954861940176e-02
1.176941553242594019e+01 3.418988756999213202e-02
1.180944755804643620e+01 3.474352648038140506e-02
1.184947958366693399e+01 3.210898504808960829e-02
1.188951160928743001e+01 2.681916142504473660e-02
1.192954363490792602e+01 1.971676604275692316e-02
1.196957566052842203e+01 1.180560973523528921e-02
1.200960768614891805e+01 4.079370476357991812e-03
1.204963971176941584e+01 -2.640266087812569770e-03
1.208967173738991185e+01 -7.825869818115600493e-03
1.212970376301040787e+01 -1.130441033163706935e-02
1.216973578863090388e+01 -1.324505120059151636e-02
1.220976781425140167e+01 -1.407882838918037526e-02
1.224979983987189769e+01 -1.436816815665513218e-02
1.228983186549239370e+01 -1.465435695081744941e-02
1.232986389111288972e+01 -1.531554154414720495e-02
1.236989591673338573e+01 -1.646563260647349036e-02
1.240992794235388352e+01 -1.791600100465275125e-02
1.244995996797437954e+01 -1.920879244494491309e-02
1.248999199359487555e+01 -1.971570780404093351e-02
1.253002401921537157e+01 -1.878228616094498871e-02
1.257005604483586758e+01 -1.588794339167394834e-02
1.261008807045636537e+01 -1.078829660241913992e-02
1.265012009607686139e+01 -3.609428398342142720e-03
1.269015212169735740e+01 5.126916038632159563e-03
1.273018414731785342e+01 1.455456554439884739e-02
1.277021617293835121e+01 2.358281076452803729e-02
1.281024819855884722e+01 3.106358914277388902e-02
1.285028022417934324e+01 3.597535281418454134e-02
1.289031224979983925e+01 3.758987283995882112e-02
1.293034427542033526e+01 3.559176324259224339e-02
1.297037630104083306e+01 3.012986219712917094e-02
1.301040832666132907e+01 2.179277530032788443e-02
1.305044035228182508e+01 1.151512974740912486e-02
1.309047237790232110e+01 4.335330981834582148e-04
1.313050440352281711e+01 -1.028053310951365998e-02
1.317053642914331490e+01 -1.958108022215570773e-02
1.321056845476381092e+01 -2.667475011994789591e-02
1.325060048038430693e+01 -3.109643866163339446e-02
1.329063250600480295e+01 -3.272625091785785756e-02
1.333066453162530074e+01 -3.175222589029708109e-02
1.337069655724579675e+01 -2.859290569944534718e-02
1.341072858286629277e+01 -2.379966128009892989e-02
1.345076060848678878e+01 -1.795981841334338275e-02
1.349079263410728480e+01 -1.161823666271638578e-02
1.353082465972778259e+01 -5.228245812429771315e-03
1.357085668534827860e+01 8.654299422804876026e-04
1.361088871096877462e+01 6.416892342195602145e-03
1.365092073658927063e+01 1.125305331996717846e-02
1.369095276220976665e+01 1.524412118862054910e-02
1.373098478783026444e+01 1.828187540896423352e-02
1.377101681345076045e+01 2.027268451920170855e-02
1.381104883907125647e+01 2.114637536698724465e-02
1.385108086469175248e+01 2.087637457629510848e-02
1.389111289031225027e+01 1.950256436502210283e-02
1.393114491593274629e+01 1.714706155455756123e-02
1.397117694155324230e+01 1.401491626505482757e-02
1.401120896717373832e+01 1.037599559269040787e-02
1.405124099279423433e+01 6.529865500957089328e-03
1.409127301841473212e+01 2.760765685939808520e-03
1.413130504403522814e+01 -7.066980227549416642e-04
1.417133706965572415e+01 -3.739778539396728264e-03
1.421136909527622016e+01 -6.308727912552823322e-03
1.425140112089671618e+01 -8.472818365736805440e-03
1.429143314651721397e+01 -1.034357677729795706e-02
1.433146517213770998e+01 -1.203372178381258324e-02
1.437149719775820600e+01 -1.360461813433644016e-02
1.441152922337870201e+01 -1.502634192160861616e-02
1.445156124899919980e+01 -1.616219174725776891e-02
1.449159327461969582e+01 -1.678406555101967859e-02
1.453162530024019183e+01 -1.661773865384348278e-02
1.457165732586068785e+01 -1.540945472729972690e-02
1.461168935148118386e+01 -1.299924220377304991e-02
1.465172137710168165e+01 -9.383542665481744288e-03
1.469175340272217767e+01 -4.750930761304521591e-03
1.473178542834267368e+01 5.201682182505295172e-04
1.477181745396316970e+01 5.904824403921872002e-03
1.481184947958366571e+01 1.080989145793266257e-02
1.485188150520416350e+01 1.467287262973043793e-02
1.489191353082465952e+01 1.706164162619713473e-02
1.493194555644515553e+01 1.775415550967869224e-02
1.497197758206565155e+01 1.678077756156123521e-02
1.501200960768614934e+01 1.441927926815968382e-02
1.505204163330664535e+01 1.114243828323603809e-02
1.509207365892714137e+01 7.528239277719256384e-03
1.513210568454763738e+01 4.150767208925540581e-03
1.517213771016813340e+01 1.474126299186985381e-03
1.521216973578863119e+01 -2.288656381956749889e-04
1.525220176140912720e+01 -9.167792160285556657e-04
1.529223378702962322e+01 -7.709448160038655760e-04
1.533226581265011923e+01 -1.410776847641074822e-04
1.537229783827061524e+01 5.420749012774376922e-04
1.541232986389111304e+01 8.674143137255148047e-04
1.545236188951160905e+01 5.353851506379866607e-04
1.549239391513210506e+01 -5.785645461620571479e-04
1.553242594075260108e+01 -2.401818024774010109e-03
1.557245796637309887e+01 -4.687054595802167545e-03
1.561248999199359488e+01 -7.072609718769756054e-03
1.565252201761409090e+01 -9.165677538556279980e-03
1.569255404323458691e+01 -1.062860614923580652e-02
1.573258606885508293e+01 -1.124847552338544693e-02
1.577261809447558072e+01 -1.097465722109591466e-02
1.581265012009607673e+01 -9.917009124716262558e-03
1.585268214571657275e+01 -8.306846051596119412e-03
1.589271417133706876e+01 -6.431602238680875216e-03
1.593274619695756655e+01 -4.560111731195839492e-03
1.597277822257806257e+01 -2.877297463045950555e-03
1.601281024819855858e+01 -1.444390002670723275e-03
1.605284227381905637e+01 -1.942778659335204963e-04
1.609287429943955061e+01 1.037186704876577516e-03
1.613290632506004840e+01 2.452025903643471720e-03
1.617293835068054264e+01 4.218152429564527364e-03
1.621297037630104043e+01 6.402893556996414048e-03
1.625300240192153822e+01 8.929233234816376374e-03
1.629303442754203246e+01 1.156671940518522700e-02
1.633306645316253025e+01 1.396083239922172106e-02
1.637309847878302449e+01 1.569550358104765050e-02
1.641313050440352228e+01 1.637556244590973251e-02
1.645316253002402007e+01 1.571103437765183214e-02
1.649319455564451431e+01 1.358454018857406694e-02
1.653322658126501210e+01 1.008670123781896071e-02
1.657325860688550634e+01 5.511552919678637356e-03
1.661329063250600413e+01 3.128368100344633179e-04
1.665332265812650192e+01 -4.969396596433475581e-03
1.669335468374699616e+01 -9.796163451164229333e-03
1.673338670936749395e+01 -1.371260530605317857e-02
1.677341873498799174e+01 -1.641006877794920146e-02
1.681345076060848598e+01 -1.775591303334675408e-02
1.685348278622898377e+01 -1.778750434780382306e-02
1.689351481184947801e+01 -1.667510319899889737e-02
1.693354683746997580e+01 -1.466512487916079611e-02
1.697357886309047359e+01 -1.201899251179939024e-02
1.701361088871096783e+01 -8.962702808444005659e-03
1.705364291433146562e+01 -5.658438853168900988e-03
1.709367493995195986e+01 -2.203134500507429594e-03
1.713370696557245765e+01 1.348509801654148134e-03
1.717373899119295544e+01 4.945565831067574858e-03
1.721377101681344968e+01 8.499969240895058689e-03
1.725380304243394747e+01 1.185668005056237338e-02
1.729383506805444171e+01 1.478539452478063419e-02
1.733386709367493950e+01 1.699852083129527527e-02
1.737389911929543729e+01 1.819311662476044006e-02
1.741393114491593153e+01 1.810801838120553939e-02
1.745396317053642932e+01 1.658310544380208265e-02
1.749399519615692356e+01 1.360660756201178580e-02
1.753402722177742135e+01 9.338824869504427570e-03
1.757405924739791914e+01 4.105941431636718660e-03
1.761409127301841337e+01 -1.635578856260788564e-03
1.765412329863891117e+01 -7.356942211487590456e-03
1.769415532425940540e+01 -1.252553155904538931e-02
1.773418734987990319e+01 -1.667046913306689457e-02
1.777421937550040099e+01 -1.943337586725749425e-02
1.781425140112089522e+01 -2.059692902560926117e-02
1.785428342674139301e+01 -2.008982749924233951e-02
1.789431545236189081e+01 -1.797265685789744064e-02
1.793434747798238504e+01 -1.441327793997634540e-02
1.797437950360288283e+01 -9.661607205298110984e-03
1.801441152922337707e+01 -4.031688038744754218e-03
1.805444355484387486e+01 2.105635313152528446e-03
1.809447558046437265e+01 8.321953534451571530e-03
1.813450760608486689e+01 1.413019489731696769e-02
1.817453963170536468e+01 1.899385503595298758e-02
1.821457165732585892e+01 2.235656540827542574e-02
1.825460368294635671e+01 2.369753310146402447e-02
1.829463570856685450e+01 2.261088260722060247e-02
1.833466773418734874e+01 1.889817266193036249e-02
1.837469975980784653e+01 1.265568761235577599e-02
1.841473178542834077e+01 4.333855093162664388e-03
1.845476381104883856e+01 -5.252951143954361947e-03
1.849479583666933635e+01 -1.498129699768733711e-02
1.853482786228983059e+01 -2.354169419101768274e-02
1.857485988791032838e+01 -2.961866279611319666e-02
1.861489191353082262e+01 -3.210250138882487364e-02
1.865492393915132041e+01 -3.029670085769038679e-02
1.869495596477181820e+01 -2.408067044433400902e-02
1.873498799039231244e+01 -1.399130601315649002e-02
1.877502001601281023e+01 -1.198915946295695282e-03
1.881505204163330447e+01 1.262869240860979396e-02
1.885508406725380226e+01 2.555893380256874653e-02
1.889511609287430005e+01 3.568902472111482732e-02
1.893514811849479429e+01 4.145312855286110293e-02
1.897518014411529208e+01 4.188733497522669630e-02
1.901521216973578987e+01 3.680283830607373324e-02
1.905524419535628411e+01 2.683279800609169458e-02
1.909527622097678190e+01 1.334086828921555307e-02
1.913530824659727614e+01 -1.795008864448600222e-03
1.917534027221777393e+01 -1.648631380743500671e-02
1.921537229783827172e+01 -2.877106709731782480e-02
1.925540432345876596e+01 -3.712369747060825093e-02
1.929543634907926375e+01 -4.068220297882887276e-02
1.933546837469975799e+01 -3.935317215670292718e-02
1.937550040032025578e+01 -3.377890015347979197e-02
1.941553242594075357e+01 -2.517737566394873464e-02
1.945556445156124781e+01 -1.508995762288327380e-02
1.949559647718174560e+01 -5.088264354830258386e-03
1.953562850280223984e+01 3.502131130427629975e-03
1.957566052842273763e+01 9.809223911754887462e-03
1.961569255404323542e+01 1.351725955203991747e-02
1.965572457966372966e+01 1.485121610048470604e-02
1.969575660528422745e+01 1.445432970334077118e-02
1.973578863090472169e+01 1.319124123721545153e-02
1.977582065652521948e+01 1.192303666613926498e-02
1.981585268214571727e+01 1.130387204437948920e-02
1.985588470776621151e+01 1.164163664082249090e-02
1.989591673338670930e+01 1.284912852042402118e-02
1.993594875900720353e+01 1.449123539850987429e-02
1.997598078462770133e+01 1.591233808786462686e-02
2.001601281024819912e+01 1.641121164919325665e-02
2.005604483586869335e+01 1.542162749195023601e-02
2.009607686148919115e+01 1.265735931215113998e-02
2.013610888710968894e+01 8.189909567590497597e-03
2.017614091273018317e+01 2.443548382052197852e-03
2.021617293835068097e+01 -3.888653483567039871e-03
2.025620496397117520e+01 -9.986556962410681262e-03
2.029623698959167299e+01 -1.506904480954338564e-02
2.033626901521217079e+01 -1.854681752331059988e-02
2.037630104083266502e+01 -2.012859485800272755e-02
2.041633306645316281e+01 -1.985909480302564672e-02
2.045636509207365705e+01 -1.808327587459061803e-02
2.049639711769415484e+01 -1.534810198258823935e-02
2.053642914331465263e+01 -1.226671686912942684e-02
2.057646116893514687e+01 -9.377429058545418139e-03
2.061649319455564466e+01 -7.029821034337652846e-03
2.065652522017613890e+01 -5.322889278950154561e-03
2.069655724579663669e+01 -4.107322411996276561e-03
2.073658927141713448e+01 -3.048914440853115523e-03
2.077662129703762872e+01 -1.736186487648735868e-03
2.081665332265812651e+01 1.943408549592746406e-04
2.085668534827862075e+01 2.945096803378157747e-03
2.089671737389911854e+01 6.482977134672135433e-03
2.093674939951961633e+01 1.052044463062730938e-02
2.097678142514011057e+01 1.455639908830731570e-02
2.101681345076060836e+01 1.796766558236564254e-02
2.105684547638110615e+01 2.013108384635648243e-02
2.109687750200160039e+01 2.055007717964115257e-02
2.113690952762209818e+01 1.895935357018555326e-02
2.117694155324259242e+01 1.538679687745958188e-02
2.121697357886309021e+01 1.016115889067118958e-02
2.125700560448358800e+01 3.865552504451008706e-03
2.129703763010408224e+01 -2.752592855573607507e-03
2.133706965572458003e+01 -8.896739743789027627e-03
2.137710168134507427e+01 -1.383987035244259138e-02
2.141713370696557206e+01 -1.702607090278667953e-02
2.145716573258606985e+01 -1.813979290165275426e-02
2.149719775820656409e+01 -1.713504479828254282e-02
2.153722978382706188e+01 -1.422474542768434325e-02
2.157726180944755612e+01 -9.837119810771424028e-03
2.161729383506805391e+01 -4.550114915135558546e-03
2.165732586068855170e+01 9.840737990891711574e-04
2.169735788630904594e+01 6.113767164338997258e-03
2.173738991192954373e+01 1.025436989193635393e-02
2.177742193755003797e+01 1.294272260806879002e-02
2.181745396317053576e+01 1.387792247077441511e-02
2.185748598879103355e+01 1.294855838227423721e-02
2.189751801441152779e+01 1.024608502877652136e-02
2.193755004003202558e+01 6.062916029337051677e-03
2.197758206565251982e+01 8.727028249334305328e-04
2.201761409127301761e+01 -4.709811780272239561e-03
2.205764611689351540e+01 -9.990322075485917261e-03
2.209767814251400964e+01 -1.427533269822891041e-02
2.213771016813450743e+01 -1.696409795538496995e-02
2.217774219375500522e+01 -1.764004930183746614e-02
2.221777421937549946e+01 -1.614627006343295756e-02
2.225780624499599725e+01 -1.262903089888764777e-02
2.229783827061649149e+01 -7.536511633200262267e-03
2.233787029623698928e+01 -1.566583498249112189e-03
2.237790232185748707e+01 4.433088552798809291e-03
2.241793434747798131e+01 9.599179643199711592e-03
2.245796637309847910e+01 1.319895087127874803e-02
2.249799839871897333e+01 1.476153859933531688e-02
2.253803042433947112e+01 1.416760215650854360e-02
2.257806244995996892e+01 1.167685322357947877e-02
2.261809447558046315e+01 7.884197171372748364e-03
2.265812650120096094e+01 3.609356117529220927e-03
2.269815852682145518e+01 -2.610025401074565678e-04
2.273819055244195297e+01 -2.948587831211258586e-03
2.277822257806245076e+01 -3.940984861302959316e-03
2.281825460368294500e+01 -3.098145355480261612e-03
2.285828662930344279e+01 -6.840420183219009026e-04
2.289831865492393703e+01 2.685384408802398044e-03
2.293835068054443482e+01 6.169327689516556322e-03
2.297838270616493261e+01 8.879255247023258579e-03
2.301841473178542685e+01 1.006954228988576373e-02
2.305844675740592464e+01 9.301086082111095776e-03
2.309847878302641888e+01 6.542118566247562272e-03
2.313851080864691667e+01 2.183127975823991040e-03
2.317854283426741446e+01 -3.039092380345915535e-03
2.321857485988790870e+01 -8.193558091463883433e-03
2.325860688550840649e+01 -1.235168322523093332e-02
2.329863891112890428e+01 -1.478621537927122219e-02
2.333867093674939852e+01 -1.512894989450823922e-02
2.337870296236989631e+01 -1.345176693650978680e-02
2.341873498799039055e+01 -1.025162989011427044e-02
2.345876701361088834e+01 -6.340899666668911583e-03
2.349879903923138613e+01 -2.665199884177562803e-03
2.353883106485188037e+01 -8.752718345400203436e-05
2.357886309047237816e+01 8.143622317908984394e-04
2.361889511609287240e+01 -1.079704889141754054e-04
2.365892714171337019e+01 -2.521684285543389446e-03
2.369895916733386798e+01 -5.667159027336109677e-03
2.373899119295436222e+01 -8.510578532002663690e-03
2.377902321857486001e+01 -9.964841787717945015e-03
2.381905524419535425e+01 -9.133654701557424732e-03
2.385908726981585204e+01 -5.527617215346410269e-03
2.389911929543634983e+01 7.941681120136249820e-04
2.393915132105684407e+01 9.188881923289749648e-03
2.397918334667734186e+01 1.851168678378814492e-02
2.401921537229783610e+01 2.730108746907164777e-02
2.405924739791833389e+01 3.403352495543237460e-02
2.409927942353883168e+01 3.739859402764630913e-02
2.413931144915932592e+01 3.654198850305058477e-02
2.417934347477982371e+01 3.122968896871625155e-02
2.421937550040031795e+01 2.190257123861292718e-02
2.425940752602081574e+01 9.612180819425259967e-03
2.429943955164131353e+01 -4.148620133467731223e-03
2.433947157726180777e+01 -1.768676498622429386e-02
2.437950360288230556e+01 -2.937600546189103948e-02
2.441953562850280335e+01 -3.790097427362364851e-02
2.445956765412329759e+01 -4.243609175013963314e-02
2.449959967974379538e+01 -4.273171714768212587e-02
2.453963170536428962e+01 -3.909912339558534872e-02
2.457966373098478741e+01 -3.230550131459498930e-02
2.461969575660528520e+01 -2.340626280463552894e-02
2.465972778222577944e+01 -1.355136586806877236e-02
2.469975980784627723e+01 -3.803748562057765806e-03
2.473979183346677146e+01 4.998446273869900855e-03
2.477982385908726926e+01 1.231640236493338446e-02
2.481985588470776705e+01 1.791746381841026123e-02
2.485988791032826128e+01 2.182416435722427106e-02
2.489991993594875908e+01 2.422601954776195526e-02
2.493995196156925331e+01 2.537967908154227514e-02
2.497998398718975110e+01 2.552186072148119461e-02
2.502001601281024890e+01 2.481298645928539312e-02
2.506004803843074313e+01 2.331962913813592428e-02
2.510008006405124092e+01 2.103335779365796826e-02
2.514011208967173516e+01 1.791488664531628097e-02
2.518014411529223295e+01 1.394747750699133933e-02
2.522017614091273074e+01 9.183154293048832392e-03
2.526020816653322498e+01 3.769115340100021895e-03
2.530024019215372277e+01 -2.051587448695603791e-03
2.534027221777421701e+01 -7.963468496349518366e-03
2.538030424339471480e+01 -1.361810150518064436e-02
2.542033626901521259e+01 -1.867805252914132158e-02
2.546036829463570683e+01 -2.285357785987827961e-02
2.550040032025620462e+01 -2.592371999383635828e-02
2.554043234587670241e+01 -2.773898459654495011e-02
2.558046437149719665e+01 -2.820888931070790473e-02
2.562049639711769444e+01 -2.728254748232013249e-02
2.566052842273818868e+01 -2.493266174290873979e-02
2.570056044835868647e+01 -2.115217603778490885e-02
2.574059247397918426e+01 -1.596861955428251906e-02
2.578062449959967850e+01 -9.474988530959802327e-03
2.582065652522017629e+01 -1.869551203985930906e-03
2.586068855084067053e+01 6.507927690803954127e-03
2.590072057646116832e+01 1.515785180528761260e-02
2.594075260208166611e+01 2.343260343275011676e-02
2.598078462770216035e+01 3.058503177291988992e-02
2.602081665332265814e+01 3.585190034667890685e-02
2.606084867894315238e+01 3.856164723192156973e-02
2.610088070456365017e+01 3.824834667593995929e-02
2.614091273018414796e+01 3.474967775785864355e-02
2.618094475580464220e+01 2.826724027964988215e-02
2.622097678142513999e+01 1.937294275488243150e-02
2.626100880704563423e+01 8.954560001331730162e-03
2.630104083266613202e+01 -1.894882169801714649e-03
2.634107285828662981e+01 -1.202785610122588528e-02
2.638110488390712405e+01 -2.040839658664729897e-02
2.642113690952762184e+01 -2.626443641958036909e-02
2.646116893514811963e+01 -2.919874689301513518e-02
2.650120096076861387e+01 -2.923770025620795257e-02
2.654123298638911166e+01 -2.680822044390581554e-02
2.658126501200960590e+01 -2.264656749775464592e-02
2.662129703763010369e+01 -1.765541273580698012e-02
2.666132906325060148e+01 -1.273547844151399523e-02
2.670136108887109572e+01 -8.622893604397238385e-03
2.674139311449159351e+01 -5.762385015330153022e-03
2.678142514011208775e+01 -4.239670098071701872e-03
2.682145716573258554e+01 -3.785244966577449265e-03
2.686148919135308333e+01 -3.848311127741187079e-03
2.690152121697357757e+01 -3.726412443629343457e-03
2.694155324259407536e+01 -2.725929547736184733e-03
2.698158526821456960e+01 -3.228168482986016859e-04
2.702161729383506739e+01 3.707118464927962580e-03
2.706164931945556518e+01 9.213556672091754995e-03
2.710168134507605942e+01 1.566769763524355347e-02
2.714171337069655721e+01 2.223129144158263182e-02
2.718174539631705144e+01 2.788783668760121820e-02
2.722177742193754924e+01 3.161392195469599903e-02
2.726180944755804703e+01 3.256135739284337499e-02
2.730184147317854126e+01 3.021849009228609606e-02
2.734187349879903906e+01 2.452224083412040193e-02
2.738190552441953329e+01 1.590035360339518006e-02
2.742193755004003108e+01 5.234746321410388079e-03
2.746196957566052888e+01 -6.250206459936179758e-03
2.750200160128102311e+01 -1.715825151741801058e-02
2.754203362690152090e+01 -2.612466480774032138e-02
2.758206565252201869e+01 -3.202075002194213621e-02
2.762209767814251293e+01 -3.412700271333730245e-02
2.766212970376301072e+01 -3.224697863013608473e-02
2.770216172938350496e+01 -2.674285360648975124e-02
2.774219375500400275e+01 -1.848574015071079157e-02
2.778222578062450054e+01 -8.727183776246849253e-03
2.782225780624499478e+01 1.089172357197722802e-03
2.786228983186549257e+01 9.546982452551490070e-03
2.790232185748598681e+01 1.547348281992336205e-02
2.794235388310648460e+01 1.811844363087186660e-02
2.798238590872698239e+01 1.726699961085535404e-02
2.802241793434747663e+01 1.326776274053639328e-02
2.806244995996797442e+01 6.971041389756830846e-03
2.810248198558846866e+01 -4.134685321646956171e-04
2.814251401120896645e+01 -7.516867466407233141e-03
2.818254603682946424e+01 -1.303667552802222594e-02
2.822257806244995848e+01 -1.595092024587583396e-02
2.826261008807045627e+01 -1.568531901475906168e-02
2.830264211369095051e+01 -1.220580479148269254e-02
2.834267413931144830e+01 -6.021087756086941807e-03
2.838270616493194609e+01 1.904857380698114994e-03
2.842273819055244033e+01 1.031515750808313127e-02
2.846277021617293812e+01 1.786927929008660931e-02
2.850280224179343236e+01 2.336326446077654703e-02
2.854283426741393015e+01 2.592351016018949045e-02
2.858286629303442794e+01 2.514169195632042289e-02
2.862289831865492218e+01 2.112919289266430856e-02
2.866293034427541997e+01 1.448390298510985122e-02
2.870296236989591776e+01 6.177803769238687445e-03
2.874299439551641200e+01 -2.612530553458855195e-03
2.878302642113690979e+01 -1.070102188924831020e-02
2.882305844675740403e+01 -1.707793607089872281e-02
2.886309047237790182e+01 -2.105483768051451612e-02
2.890312249799839961e+01 -2.234591831930511988e-02
2.894315452361889385e+01 -2.107574383314576166e-02
2.898318654923939164e+01 -1.771751352655341269e-02
2.902321857485988588e+01 -1.297846807171791454e-02
2.906325060048038367e+01 -7.657735081317023143e-03
2.910328262610088146e+01 -2.505137503329294205e-03
2.914331465172137570e+01 1.893060784006005528e-03
2.918334667734187349e+01 5.183009253731006398e-03
2.922337870296236773e+01 7.258921019314150749e-03
2.926341072858286552e+01 8.229137469205709959e-03
2.930344275420336331e+01 8.345982255055506283e-03
2.934347477982385755e+01 7.918919816630199185e-03
2.938350680544435534e+01 7.231986549588722765e-03
2.942353883106484957e+01 6.483234623978709893e-03
2.946357085668534737e+01 5.757054751613739293e-03
2.950360288230584516e+01 5.031513811790491210e-03
2.954363490792633939e+01 4.214363086575027145e-03
2.958366693354683719e+01 3.195075438640988027e-03
2.962369895916733142e+01 1.897478038205564115e-03
2.966373098478782921e+01 3.186952617375650226e-04
2.970376301040832701e+01 -1.455313727118010729e-03
2.974379503602882124e+01 -3.260654058820816256e-03
2.978382706164931903e+01 -4.888817897974850890e-03
2.982385908726981683e+01 -6.132775244983851813e-03
2.986389111289031106e+01 -6.833279240664635185e-03
2.990392313851080885e+01 -6.913289505087364707e-03
2.994395516413130309e+01 -6.391980371873933787e-03
2.998398718975180088e+01 -5.375449090268697924e-03
3.002401921537229867e+01 -4.027453167180498894e-03
3.006405124099279291e+01 -2.528661902850042314e-03
3.010408326661329070e+01 -1.035687291280214337e-03
3.014411529223378494e+01 3.491183980820193752e-04
3.018414731785428273e+01 1.589328575565591376e-03
3.022417934347478052e+01 2.705078639462753665e-03
3.026421136909527476e+01 3.746102847461047804e-03
3.030424339471577255e+01 4.755592835887086436e-03
3.034427542033626679e+01 5.736017606355430648e-03
3.038430744595676458e+01 6.627738069855982316e-03
3.042433947157726237e+01 7.307948964253565757e-03
3.046437149719775661e+01 7.612004653184682897e-03
3.050440352281825440e+01 7.372936201156825645e-03
3.054443554843874864e+01 6.469582503370170830e-03
3.058446757405924643e+01 4.870692936979252249e-03
3.062449959967974422e+01 2.662507852637237011e-03
3.066453162530023846e+01 5.077838766155782363e-05
3.070456365092073625e+01 -2.665806786541110186e-03
3.074459567654123049e+01 -5.146697760170978672e-03
3.078462770216172828e+01 -7.074504819430959407e-03
3.082465972778222607e+01 -8.219264355719294729e-03
3.086469175340272031e+01 -8.486578516367280361e-03
3.090472377902321810e+01 -7.937381078464332551e-03
3.094475580464371589e+01 -6.773385196390890352e-03
3.098478783026421013e+01 -5.290325823560033773e-03
3.102481985588470792e+01 -3.809007446069924158e-03
3.106485188150520216e+01 -2.599960316187239703e-03
3.110488390712569995e+01 -1.819692944210730143e-03
3.114491593274619774e+01 -1.474427477659160214e-03
3.118494795836669198e+01 -1.421157172802703286e-03
3.122497998398718977e+01 -1.407179155008294116e-03
3.126501200960768401e+01 -1.139922949159712226e-03
3.130504403522818180e+01 -3.711349470973529237e-04
3.134507606084867959e+01 1.024786934934726178e-03
3.138510808646917383e+01 2.998128699278266012e-03
3.142514011208967162e+01 5.311555896449108444e-03
3.146517213771016586e+01 7.574009080632698905e-03
3.150520416333066365e+01 9.316002049255672768e-03
3.154523618895116144e+01 1.009151881492979276e-02
3.158526821457165568e+01 9.584674888003035312e-03
3.162530024019215347e+01 7.696985368872812441e-03
3.166533226581264771e+01 4.594164947007618564e-03
3.170536429143314550e+01 6.993539930344053537e-04
3.174539631705364329e+01 -3.369124087085346997e-03
3.178542834267413753e+01 -6.905333712612548441e-03
3.182546036829463532e+01 -9.248281345341608298e-03
3.186549239391513311e+01 -9.913031398874751904e-03
3.190552441953562735e+01 -8.693428313810851876e-03
3.194555644515612514e+01 -5.714685139274636692e-03
3.198558847077661937e+01 -1.424005925225549276e-03
3.202562049639711717e+01 3.480088460886480994e-03
3.206565252201761496e+01 8.166634335329594693e-03
3.210568454763811275e+01 1.181650375153204223e-02
3.214571657325860343e+01 1.376437188873389124e-02
3.218574859887910122e+01 1.361151118917024345e-02
3.222578062449959901e+01 1.128890983528040015e-02
3.226581265012009681e+01 7.060619861051388793e-03
3.230584467574059460e+01 1.469387512040829825e-03
3.234587670136108528e+01 -4.762127855675753023e-03
3.238590872698158307e+01 -1.085324796724032766e-02
3.242594075260208086e+01 -1.608583659462767962e-02
3.246597277822257865e+01 -1.990124129163194783e-02
3.250600480384307644e+01 -2.195807090865057112e-02
3.254603682946356713e+01 -2.214486489283357118e-02
3.258606885508406492e+01 -2.055187723527524685e-02
3.262610088070456271e+01 -1.741460357193218636e-02
3.266613290632506050e+01 -1.304649879225147982e-02
3.270616493194555829e+01 -7.778645807350369548e-03
3.274619695756604898e+01 -1.920117185218992752e-03
3.278622898318654677e+01 4.254387747989029321e-03
3.282626100880704456e+01 1.049144563243022653e-02
3.286629303442754235e+01 1.652966168653020526e-02
3.290632506004804014e+01 2.206830696172984788e-02
3.294635708566853083e+01 2.674867820901129581e-02
3.298638911128902862e+01 3.015972793651350292e-02
3.302642113690952641e+01 3.187296327384473577e-02
3.306645316253002420e+01 3.150343603412394944e-02
3.310648518815052199e+01 2.878587384445265365e-02
3.314651721377101268e+01 2.364957721461818929e-02
3.318654923939151047e+01 1.627402485393414713e-02
3.322658126501200826e+01 7.109706461245291452e-03
3.326661329063250605e+01 -3.144943302481998521e-03
3.330664531625300384e+01 -1.361087212494294617e-02
3.334667734187349453e+01 -2.333112511559111771e-02
3.338670936749399232e+01 -3.139242587638491760e-02
3.342674139311449011e+01 -3.704475339870027389e-02
3.346677341873498790e+01 -3.979797391040868632e-02
3.350680544435548569e+01 -3.947882240147397581e-02
3.354683746997598348e+01 -3.623915254392012786e-02
3.358686949559647417e+01 -3.051573776599474097e-02
3.362690152121697196e+01 -2.295100816011264727e-02
3.366693354683746975e+01 -1.429104023145377246e-02
3.370696557245796754e+01 -5.280484324905618254e-03
3.374699759807846533e+01 3.426670550798712345e-03
3.378702962369895602e+01 1.132620769774751041e-02
3.382706164931945381e+01 1.808568305429500075e-02
3.386709367493995160e+01 2.353063655634805851e-02
3.390712570056044939e+01 2.760381937406215791e-02
3.394715772618094718e+01 3.031132098716022780e-02
3.398718975180143786e+01 3.167116594334164204e-02
3.402722177742193566e+01 3.167803682567237045e-02
3.406725380304243345e+01 3.029285808218006026e-02
3.410728582866293124e+01 2.745926987137305153e-02
3.414731785428342903e+01 2.314209656473444066e-02
3.418734987990391971e+01 1.737731936705986038e-02
3.422738190552441750e+01 1.031999266333534504e-02
3.426741393114491530e+01 2.276599447716143049e-03
3.430744595676541309e+01 -6.288575036470085873e-03
3.434747798238591088e+01 -1.477810207498306098e-02
3.438751000800640156e+01 -2.251569080328017988e-02
3.442754203362689935e+01 -2.882250648798283937e-02
3.446757405924739714e+01 -3.310330584057426251e-02
3.450760608486789494e+01 -3.492796080472652248e-02
3.454763811048839273e+01 -3.409451258004242424e-02
3.458767013610888341e+01 -3.066303156562234442e-02
3.462770216172938120e+01 -2.495455476861052277e-02
3.466773418734987899e+01 -1.751521670859220239e-02
3.470776621297037678e+01 -9.051280271103320438e-03
3.474779823859087458e+01 -3.451376308038312879e-04
3.478783026421136526e+01 7.835182654600016117e-03
3.482786228983186305e+01 1.482017257074984967e-02
3.486789431545236084e+01 2.010558489383343014e-02
3.490792634107285863e+01 2.339400385676846175e-02
3.494795836669335642e+01 2.460772288031461835e-02
3.498799039231384711e+01 2.387379021271344645e-02
3.502802241793434490e+01 2.148593766020689272e-02
3.506805444355484269e+01 1.785091007278140005e-02
3.510808646917534048e+01 1.342815997551869388e-02
3.514811849479583827e+01 8.671888322830277260e-03
3.518815052041632896e+01 3.983130194608371609e-03
3.522818254603682675e+01 -3.227050758555504188e-04
3.526821457165732454e+01 -4.030329197150523367e-03
3.530824659727782233e+01 -7.021656725937246331e-03
3.534827862289832012e+01 -9.258799215910717972e-03
3.538831064851881081e+01 -1.075838414877800658e-02
3.542834267413930860e+01 -1.156369937424984659e-02
3.546837469975980639e+01 -1.172107733508464048e-02
3.550840672538030418e+01 -1.126566530383356010e-02
3.554843875100080197e+01 -1.021946201288333363e-02
3.558847077662129266e+01 -8.601607944809307876e-03
3.562850280224179045e+01 -6.447915625507994603e-03
3.566853482786228824e+01 -3.834111314334352674e-03
3.570856685348278603e+01 -8.957934431447146968e-04
3.574859887910328382e+01 2.161891146263011237e-03
3.578863090472378161e+01 5.070240490894899546e-03
3.582866293034427230e+01 7.520994521105836030e-03
3.586869495596477009e+01 9.206685875797118029e-03
3.590872698158526788e+01 9.871558262464528305e-03
3.594875900720576567e+01 9.363885605400050147e-03
3.598879103282626346e+01 7.678749835527136532e-03
3.602882305844675415e+01 4.980756258165573366e-03
3.606885508406725194e+01 1.598951867451862442e-03
3.610888710968774973e+01 -2.008976527878117077e-03
3.614891913530824752e+01 -5.320139522397572887e-03
3.618895116092874531e+01 -7.828409708653992841e-03
3.622898318654923600e+01 -9.131070998742869468e-03
3.626901521216973379e+01 -9.004008461840731434e-03
3.630904723779023158e+01 -7.450140792032781435e-03
3.634907926341072937e+01 -4.709879560526280054e-03
3.638911128903122716e+01 -1.229106989991645728e-03
3.642914331465171784e+01 2.411729569198892489e-03
3.646917534027221564e+01 5.595919254975983449e-03
3.650920736589271343e+01 7.778701693873815888e-03
3.654923939151321122e+01 8.585173763156934978e-03
3.658927141713370901e+01 7.878935579609057036e-03
3.662930344275419969e+01 5.787707442320952009e-03
3.666933546837469748e+01 2.680323216882560602e-03
3.670936749399519528e+01 -9.009455744614767612e-04
3.674939951961569307e+01 -4.339827535502329206e-03
3.678943154523619086e+01 -7.057894081003739627e-03
3.682946357085668154e+01 -8.616926680603841093e-03
3.686949559647717933e+01 -8.791938442540288279e-03
3.690952762209767712e+01 -7.601157125535717117e-03
3.694955964771817492e+01 -5.288336462933713317e-03
3.698959167333867271e+01 -2.262765441684055565e-03
3.702962369895916339e+01 9.888849959854210774e-04
3.706965572457966118e+01 3.999131123275104054e-03
3.710968775020015897e+01 6.403715113004313300e-03
3.714971977582065676e+01 7.995642300118635526e-03
3.718975180144115456e+01 8.739110046683245397e-03
3.722978382706164524e+01 8.742795703424071849e-03
3.726981585268214303e+01 8.201556515608965717e-03
3.730984787830264082e+01 7.322966141517062155e-03
3.734987990392313861e+01 6.258533631822447811e-03
3.738991192954363640e+01 5.058081086173433702e-03
3.742994395516412709e+01 3.659862939953083955e-03
3.746997598078462488e+01 1.919925894865760329e-03
3.751000800640512267e+01 -3.259565818321334923e-04
3.755004003202562046e+01 -3.183276483917448722e-03
3.759007205764611825e+01 -6.623559287856881778e-03
3.763010408326660894e+01 -1.043422119775727457e-02
3.767013610888710673e+01 -1.421011865726239803e-02
3.771016813450760452e+01 -1.739441675479389340e-02
3.775020016012810231e+01 -1.936509022436705418e-02
3.779023218574860010e+01 -1.955225360264719117e-02
3.783026421136909789e+01 -1.756316529355493247e-02
3.787029623698958858e+01 -1.328818448994757012e-02
3.791032826261008637e+01 -6.963178791443122399e-03
3.795036028823058416e+01 8.283895982876070783e-04
3.799039231385108195e+01 9.218742544914768078e-03
3.803042433947157974e+01 1.717618379142794166e-02
3.807045636509207043e+01 2.366235758314553725e-02
3.811048839071256822e+01 2.779798656591404155e-02
3.815052041633306601e+01 2.900628109497605661e-02
3.819055244195356380e+01 2.710707779217893035e-02
3.823058446757406159e+01 2.234416464028331217e-02
3.827061649319455228e+01 1.534122997485568018e-02
3.831064851881505007e+01 6.995709165631140876e-03
3.835068054443554786e+01 -1.668404958565348041e-03
3.839071257005604565e+01 -9.660417338193972095e-03
3.843074459567654344e+01 -1.616572040179058839e-02
3.847077662129703413e+01 -2.064653022430596938e-02
3.851080864691753192e+01 -2.288527052990655883e-02
3.855084067253802971e+01 -2.296773860901604042e-02
3.859087269815852750e+01 -2.121561410495228714e-02
3.863090472377902529e+01 -1.808761272466223244e-02
3.867093674939951597e+01 -1.407362216153689935e-02
3.871096877502001377e+01 -9.605561703308666821e-03
3.875100080064051156e+01 -5.002833270788983183e-03
3.879103282626100935e+01 -4.606055407115806520e-04
3.883106485188150714e+01 3.921874979676455084e-03
3.887109687750199782e+01 8.085627826357393716e-03
3.891112890312249561e+01 1.194805831152380773e-02
3.895116092874299341e+01 1.535154809889570024e-02
3.899119295436349120e+01 1.804163901616841550e-02
3.903122497998398899e+01 1.968412341046214126e-02
3.907125700560447967e+01 1.992018581255898188e-02
3.911128903122497746e+01 1.844861649329949602e-02
3.915132105684547525e+01 1.511641587767427984e-02
3.919135308246597305e+01 9.995644115015092646e-03
3.923138510808647084e+01 3.425989678128012021e-03
3.927141713370696152e+01 -3.991065420229817327e-03
3.931144915932745931e+01 -1.145078707617607112e-02
3.935148118494795710e+01 -1.804962831683486202e-02
3.939151321056845489e+01 -2.291875218029867933e-02
3.943154523618895269e+01 -2.536307575669066380e-02
3.947157726180944337e+01 -2.498021958718943392e-02
3.951160928742994116e+01 -2.173681937489450877e-02
3.955164131305043895e+01 -1.598720976756817444e-02
3.959167333867093674e+01 -8.429963723138894638e-03
3.963170536429143453e+01 -9.046997920826181563e-06
3.967173738991192522e+01 8.223793604367556076e-03
3.971176941553242301e+01 1.526220639124141812e-02
3.975180144115292080e+01 2.028860172875039322e-02
3.979183346677341859e+01 2.278479498763697278e-02
3.983186549239391638e+01 2.259341216739362349e-02
3.987189751801440707e+01 1.992249018144236911e-02
3.991192954363490486e+01 1.529541206921047718e-02
3.995196156925540265e+01 9.457006793591822905e-03
3.999199359487590044e+01 3.252878558278486654e-03
4.003202562049639823e+01 -2.498033892176135251e-03
4.007205764611689602e+01 -7.118191283274827481e-03
4.011208967173738671e+01 -1.015751584980312087e-02
4.015212169735788450e+01 -1.144038900753770009e-02
4.019215372297838229e+01 -1.106968960689360022e-02
4.023218574859888008e+01 -9.390299038933513920e-03
4.027221777421937787e+01 -6.919775134783799977e-03
4.031224979983986856e+01 -4.257593324793484263e-03
4.035228182546036635e+01 -1.986281154266711715e-03
4.039231385108086414e+01 -5.780131321018290927e-04
4.043234587670136193e+01 -3.190269641050746691e-04
4.047237790232185972e+01 -1.261854802430243750e-03
4.051240992794235041e+01 -3.212091217599997734e-03
4.055244195356284820e+01 -5.752456519391675044e-03
4.059247397918334599e+01 -8.302469466854159319e-03
4.063250600480384378e+01 -1.020739445783634854e-02
4.067253803042434157e+01 -1.084568520335028180e-02
4.071257005604483226e+01 -9.740475387769242238e-03
4.075260208166533005e+01 -6.658441603954789144e-03
4.079263410728582784e+01 -1.679249024917508441e-03
4.083266613290632563e+01 4.778732594929378276e-03
4.087269815852682342e+01 1.198556873322422292e-02
4.091273018414731411e+01 1.898137206190916859e-02
4.095276220976781190e+01 2.470510231582294380e-02
4.099279423538830969e+01 2.815437654844882981e-02
4.103282626100880748e+01 2.855287811668132461e-02
4.107285828662930527e+01 2.549797262846544704e-02
4.111289031224979595e+01 1.906160108167356815e-02
4.115292233787029375e+01 9.822894389001505036e-03
4.119295436349079154e+01 -1.179204044565829211e-03
4.123298638911128933e+01 -1.257208692475101849e-02
4.127301841473178712e+01 -2.283928765263977881e-02
4.131305044035227780e+01 -3.054649809614949293e-02
4.135308246597277559e+01 -3.456804286149550015e-02
4.139311449159327339e+01 -3.427561928024434879e-02
4.143314651721377118e+01 -2.965542416745185761e-02
4.147317854283426897e+01 -2.133046949563463870e-02
4.151321056845475965e+01 -1.048031593274982749e-02
4.155324259407525744e+01 1.331995141752040325e-03
4.159327461969575523e+01 1.239950781347750643e-02
4.163330664531625303e+01 2.113871252833867537e-02
4.167333867093675082e+01 2.634014873920578065e-02
4.171337069655724150e+01 2.735966578334398866e-02
4.175340272217773929e+01 2.421737612910173157e-02
4.179343474779823708e+01 1.758698919855436818e-02
4.183346677341873487e+01 8.677133066055256819e-03
4.187349879903923267e+01 -9.749620872777553428e-04
4.191353082465972335e+01 -9.761848778834059798e-03
4.195356285028022114e+01 -1.627188743143871338e-02
4.199359487590071893e+01 -1.951755549536520612e-02
4.203362690152121672e+01 -1.908780053631432133e-02
4.207365892714171451e+01 -1.519998758145846458e-02
4.211369095276221231e+01 -8.644870069308439875e-03
4.215372297838270299e+01 -6.366864942000586116e-04
4.219375500400320078e+01 7.403423445569639466e-03
4.223378702962369857e+01 1.409180021172774452e-02
4.227381905524419636e+01 1.831202998182294983e-02
4.231385108086469415e+01 1.939170537601458272e-02
4.235388310648518484e+01 1.719837848424213625e-02
4.239391513210568263e+01 1.214190536748848553e-02
4.243394715772618042e+01 5.086943687459581469e-03
4.247397918334667821e+01 -2.805518759509433545e-03
4.251401120896717600e+01 -1.027765457404625563e-02
4.255404323458766669e+01 -1.618006030520752203e-02
4.259407526020816448e+01 -1.964862480406933884e-02
4.263410728582866227e+01 -2.022570616213347633e-02
4.267413931144916006e+01 -1.790940944613504671e-02
4.271417133706965785e+01 -1.312783948404711021e-02
4.275420336269014854e+01 -6.647859243629292841e-03
4.279423538831064633e+01 5.620483285872609125e-04
4.283426741393114412e+01 7.489274387048982899e-03
4.287429943955164191e+01 1.322825676034321621e-02
4.291433146517213970e+01 1.710209876193167014e-02
4.295436349079263039e+01 1.873841899008172468e-02
4.299439551641312818e+01 1.809226173225184781e-02
4.303442754203362597e+01 1.541821887043556306e-02
4.307445956765412376e+01 1.120188592484284984e-02
4.311449159327462155e+01 6.066173894327672907e-03
4.315452361889511224e+01 6.701806400525136317e-04
4.319455564451561003e+01 -4.382721277065603112e-03
4.323458767013610782e+01 -8.614645177426076203e-03
4.327461969575660561e+01 -1.171330149865238042e-02
4.331465172137710340e+01 -1.354096531669910473e-02
4.335468374699759408e+01 -1.411626023930078258e-02
4.339471577261809188e+01 -1.357673681411445538e-02
4.343474779823858967e+01 -1.213227574196125945e-02
4.347477982385908746e+01 -1.001931321069236304e-02
4.351481184947958525e+01 -7.464032976088191829e-03
4.355484387510007593e+01 -4.659557528747797217e-03
4.359487590072057372e+01 -1.758522549689717999e-03
4.363490792634107152e+01 1.121022788665631664e-03
4.367493995196156931e+01 3.881054214082960661e-03
4.371497197758206710e+01 6.426372465254892412e-03
4.375500400320255778e+01 8.650751444674904464e-03
4.379503602882305557e+01 1.043111264100158794e-02
4.383506805444355336e+01 1.163217525202335165e-02
4.387510008006405116e+01 1.212138058368535630e-02
4.391513210568454895e+01 1.179136412157851671e-02
4.395516413130503963e+01 1.058534472320772114e-02
4.399519615692553742e+01 8.519874176481713121e-03
4.403522818254603521e+01 5.699600760932071672e-03
4.407526020816653300e+01 2.319987089502719823e-03
4.411529223378703080e+01 -1.343975914374217909e-03
4.415532425940752148e+01 -4.962508859646008914e-03
4.419535628502801927e+01 -8.186248448562739172e-03
4.423538831064851706e+01 -1.068701038280680735e-02
4.427542033626901485e+01 -1.219815368772526366e-02
4.431545236188951264e+01 -1.254858010324011106e-02
4.435548438751001044e+01 -1.168540885071765907e-02
4.439551641313050112e+01 -9.682175809526689936e-03
4.443554843875099891e+01 -6.731661576018153209e-03
4.447558046437149670e+01 -3.124733249912904371e-03
4.451561248999199449e+01 7.815117220520796182e-04
4.455564451561249228e+01 4.601787057669344538e-03
4.459567654123298297e+01 7.961934107466352162e-03
4.463570856685348076e+01 1.053500364313894946e-02
4.467574059247397855e+01 1.207060912425163626e-02
4.471577261809447634e+01 1.241540268017989751e-02
4.475580464371497413e+01 1.152388557008501672e-02
4.479583666933546482e+01 9.459875391648199516e-03
4.483586869495596261e+01 6.389655664230165823e-03
4.487590072057646040e+01 2.568109550244478297e-03
4.491593274619695819e+01 -1.680903836793112100e-03
4.495596477181745598e+01 -5.988843431676636048e-03
4.499599679743794667e+01 -9.970454456319400791e-03
4.503602882305844446e+01 -1.325427108995920825e-02
4.507606084867894225e+01 -1.551408933501402868e-02
4.511609287429944004e+01 -1.649922582056868176e-02
4.515612489991993783e+01 -1.606076116097849074e-02
4.519615692554042852e+01 -1.417060964180546535e-02
4.523618895116092631e+01 -1.093039901870109486e-02
4.527622097678142410e+01 -6.567925086111960076e-03
4.531625300240192189e+01 -1.420348007066096286e-03
4.535628502802241968e+01 4.094872689897228156e-03
4.539631705364291037e+01 9.518390808465308425e-03
4.543634907926340816e+01 1.439222996958083173e-02
4.547638110488390595e+01 1.830249956954745766e-02
4.551641313050440374e+01 2.091626428399117124e-02
4.555644515612490153e+01 2.200833464356656208e-02
4.559647718174539222e+01 2.147561027583833049e-02
4.563650920736589001e+01 1.933885101234837298e-02
4.567654123298638780e+01 1.573384888444628871e-02
4.571657325860688559e+01 1.089541721381050848e-02
4.575660528422738338e+01 5.138046073676883450e-03
4.579663730984787406e+01 -1.163599019978717218e-03
4.583666933546837186e+01 -7.592726532739568768e-03
4.587670136108886965e+01 -1.370739142346386399e-02
4.591673338670936744e+01 -1.905852545454291697e-02
4.595676541232986523e+01 -2.321206370930577537e-02
4.599679743795035591e+01 -2.577780928665961840e-02
4.603682946357085370e+01 -2.644587403667090011e-02
4.607686148919135150e+01 -2.502862343006465040e-02
4.611689351481184929e+01 -2.150271982140328567e-02
4.615692554043234708e+01 -1.604302574145735280e-02
4.619695756605283776e+01 -9.038748699500586889e-03
4.623698959167333555e+01 -1.083006916615904995e-03
4.627702161729383334e+01 7.069752834941349026e-03
4.631705364291433114e+01 1.457865924249820803e-02
4.635708566853482893e+01 2.061717996993124580e-02
4.639711769415532672e+01 2.448675450739184328e-02
4.643714971977581740e+01 2.572541462482811833e-02
4.647718174539631519e+01 2.419161640192852777e-02
4.651721377101681298e+01 2.010546209436342435e-02
4.655724579663731078e+01 1.403537644806622346e-02
4.659727782225780857e+01 6.827332215449606265e-03
4.663730984787829925e+01 -5.156773815969956229e-04
4.667734187349879704e+01 -6.986121131158888088e-03
4.671737389911929483e+01 -1.173113309209995909e-02
4.675740592473979262e+01 -1.419020564726595351e-02
4.679743795036029042e+01 -1.418554874131527054e-02
4.683746997598078110e+01 -1.194698545690694481e-02
4.687750200160127889e+01 -8.064983401773110835e-03
4.691753402722177668e+01 -3.379000960547363496e-03
4.695756605284227447e+01 1.178944577198524349e-03
4.699759807846277226e+01 4.756365973226192589e-03
4.703763010408326295e+01 6.735276199763314507e-03
4.707766212970376074e+01 6.840125666768348718e-03
4.711769415532425853e+01 5.177786326568708901e-03
4.715772618094475632e+01 2.202091783764000086e-03
4.719775820656525411e+01 -1.389383788231957680e-03
4.723779023218574480e+01 -4.804844375482213853e-03
4.727782225780624259e+01 -7.323156127521164571e-03
4.731785428342674038e+01 -8.440070374388862831e-03
4.735788630904723817e+01 -7.965778910250173594e-03
4.739791833466773596e+01 -6.054151413699802517e-03
4.743795036028822665e+01 -3.158545443916561946e-03
4.747798238590872444e+01 7.528201822148763447e-05
4.751801441152922223e+01 2.955256198640189656e-03
4.755804643714972002e+01 4.895942753226972463e-03
4.759807846277021781e+01 5.545022154390417263e-03
4.763811048839070850e+01 4.855935819618289497e-03
4.767814251401120629e+01 3.091337220095811359e-03
4.771817453963170408e+01 7.573031240120685955e-04
4.775820656525220187e+01 -1.516442203085571587e-03
4.779823859087269966e+01 -3.123141766589151817e-03
4.783827061649319035e+01 -3.619455726617572255e-03
4.787830264211368814e+01 -2.828230475620579099e-03
4.791833466773418593e+01 -8.805759660849821722e-04
4.795836669335468372e+01 1.812129883987991311e-03
4.799839871897518151e+01 4.649977129333523508e-03
4.803843074459567219e+01 6.979381784353129968e-03
4.807846277021616999e+01 8.240786533325853910e-03
4.811849479583666778e+01 8.096051070053360624e-03
4.815852682145716557e+01 6.506932960920992944e-03
4.819855884707766336e+01 3.747014232356901415e-03
4.823859087269815404e+01 3.443187025649870146e-04
4.827862289831865183e+01 -3.032656020638284811e-03
4.831865492393914963e+01 -5.720172534347883579e-03
4.835868694955964742e+01 -7.203537165911953755e-03
4.839871897518014521e+01 -7.228540719231091663e-03
4.843875100080063589e+01 -5.855600624955911541e-03
4.847878302642113368e+01 -3.444987834244968294e-03
4.851881505204163147e+01 -5.768478385181505458e-04
4.855884707766212927e+01 2.075916546925655071e-03
4.859887910328262706e+01 3.893649599589584474e-03
4.863891112890312485e+01 4.442808722947774909e-03
4.867894315452361553e+01 3.567063088333170730e-03
4.871897518014411332e+01 1.417695416353121967e-03
4.875900720576461111e+01 -1.581903093884595582e-03
4.879903923138510891e+01 -4.828275381516903934e-03
4.883907125700560670e+01 -7.664973749784211553e-03
4.887910328262609738e+01 -9.516158831038569813e-03
4.891913530824659517e+01 -9.997805470440256428e-03
4.895916733386709296e+01 -8.983709107812164890e-03
4.899919935948759075e+01 -6.614538557394216388e-03
4.903923138510808855e+01 -3.251491015828061101e-03
4.907926341072857923e+01 6.114753919665717177e-04
4.911929543634907702e+01 4.454194806156463494e-03
4.915932746196957481e+01 7.830010892025450128e-03
4.919935948759007260e+01 1.043626038455589856e-02
4.923939151321057039e+01 1.214160024843593741e-02
4.927942353883106108e+01 1.296778506013524131e-02
4.931945556445155887e+01 1.303519100308485855e-02
4.935948759007205666e+01 1.249034696632704208e-02
4.939951961569255445e+01 1.143778951414169132e-02
4.943955164131305224e+01 9.896751860167023185e-03
4.947958366693354293e+01 7.796024554739566272e-03
4.951961569255404072e+01 5.009611123282732732e-03
4.955964771817453851e+01 1.424250240948068741e-03
4.959967974379503630e+01 -2.979585135244077962e-03
4.963971176941553409e+01 -8.056534739819268959e-03
4.967974379503602478e+01 -1.345742351351673916e-02
4.971977582065652257e+01 -1.863819453462590980e-02
4.975980784627702036e+01 -2.292129023711742680e-02
4.979983987189751815e+01 -2.560129614408881635e-02
4.983987189751801594e+01 -2.607520839316004174e-02
4.987990392313850663e+01 -2.397034945858130331e-02
4.991993594875900442e+01 -1.924160957871386482e-02
4.995996797437950221e+01 -1.221483047213798093e-02
5.000000000000000000e+01 -3.563756997428050698e-03
